For generating some random digit between the digits using rnorm function.............
n <- floor(rnorm(10000, 500, 100))
> t <- table(n)
> barplot(t)
> print(n)
   [1] 536 476 462 445 565 422 628 431 456 581 553 378 565 468 584 519 444 509 320 419 469 392 525 532 419 537 462 485 613 428 588 340 571 648 518 330 489 385 600 642 461 484 525
  [44] 522 608 519 593 414 545 434 525 479 399 453 371 361 493 540 569 390 474 491 560 372 526 479 569 539 388 568 567 266 599 457 599 532 437 545 404 521 240 645 592 590 510 399
  [87] 415 462 605 580 170 376 365 573 346 493 334 580 507 428 503 452 606 377 480 424 444 562 496 602 534 366 490 438 565 463 460 391 475 594 382 478 555 572 534 452 643 570 550
 [130] 590 375 392 552 542 467 510 396 414 682 506 302 419 432 700 432 430 559 482 587 635 341 509 509 448 361 464 412 479 518 517 620 669 595 564 398 620 409 538 262 632 372 351
 [173] 538 431 486 595 493 440 576 565 388 598 606 406 550 470 436 378 437 643 501 550 749 426 620 407 462 409 276 498 376 511 473 413 373 534 448 668 466 520 387 460 577 568 603
 [216] 608 449 480 694 477 464 608 595 575 411 295 647 609 398 505 444 620 445 327 454 505 492 540 643 456 598 466 311 530 846 479 480 415 587 618 476 516 444 473 466 418 471 355
 [259] 627 595 370 426 706 454 545 528 481 600 530 452 647 487 293 550 645 478 406 477 585 291 410 449 337 631 571 564 319 496 548 383 469 564 448 755 706 533 587 595 306 319 328
 [302] 494 515 435 504 529 571 649 471 638 541 420 482 366 517 574 411 416 462 532 466 357 635 705 324 469 518 627 450 305 538 507 355 556 280 579 520 409 403 434 502 470 685 326
 [345] 379 571 522 360 433 612 593 598 524 410 562 492 535 319 624 374 491 488 504 557 381 604 569 421 643 477 527 562 448 483 592 499 352 564 366 517 662 445 535 462 444 338 475
 [388] 393 495 514 585 441 407 625 454 552 639 553 334 333 376 579 484 636 487 645 613 488 555 563 421 400 625 566 605 632 550 563 432 512 382 299 718 388 540 529 688 583 419 562
 [431] 398 428 315 388 629 474 357 508 446 482 445 439 493 555 386 560 532 501 413 437 365 563 665 732 424 323 534 236 399 454 509 604 587 670 496 422 307 448 447 383 528 477 639
 [474] 554 372 581 426 576 432 582 751 371 584 560 383 344 604 504 456 568 371 474 464 656 514 437 410 330 617 662 516 586 435 437 409 512 490 496 602 514 369 472 562 639 381 608
 [517] 576 547 485 505 425 290 588 467 418 406 709 566 451 480 455 498 425 485 597 472 551 483 404 523 516 502 737 486 351 479 424 459 359 560 444 554 446 408 507 504 505 405 630
 [560] 586 499 493 347 304 669 564 397 690 454 600 507 504 329 511 240 431 517 429 486 450 430 450 446 653 541 424 485 532 492 488 506 575 301 473 415 646 331 537 514 554 274 448
 [603] 474 465 343 452 421 678 533 495 399 491 645 437 580 460 438 571 596 551 578 607 570 545 405 571 581 541 491 462 715 579 565 420 516 543 430 495 608 337 668 575 418 737 535
 [646] 576 527 691 354 635 579 421 591 388 523 375 450 654 459 730 572 423 537 573 553 704 502 651 362 608 431 569 545 704 534 387 518 539 473 579 302 518 514 562 544 463 456 494
 [689] 482 553 517 417 500 607 428 324 541 398 511 497 525 475 592 467 516 365 386 477 391 434 618 215 542 584 468 474 493 376 502 659 563 562 498 497 539 561 483 561 444 705 618
 [732] 664 540 340 353 502 611 435 356 468 456 572 559 503 581 535 438 291 620 411 605 291 445 331 533 500 284 450 469 525 510 387 618 540 309 624 717 661 399 462 299 385 353 441
 [775] 523 351 513 555 373 371 366 370 516 476 449 832 498 444 454 481 638 266 628 616 349 529 305 607 510 515 567 392 424 556 460 513 413 399 477 607 449 297 523 446 384 461 520
 [818] 684 492 521 724 511 515 233 491 310 519 439 430 469 529 477 350 732 406 543 564 440 446 344 549 468 575 472 479 565 454 403 740 488 595 597 500 691 589 247 414 446 627 613
 [861] 410 623 703 453 512 646 728 535 345 470 523 490 454 563 476 520 621 369 561 478 500 643 274 394 564 397 505 541 516 610 506 454 497 518 626 527 380 574 456 358 430 464 420
 [904] 328 571 411 574 580 460 447 450 421 528 451 483 289 535 558 362 592 431 569 570 503 421 346 644 587 423 571 541 642 525 557 351 557 535 739 675 492 553 639 540 555 518 373
 [947] 542 647 552 462 530 613 463 610 414 581 477 311 171 534 407 402 362 494 510 523 392 398 613 526 506 605 408 422 536 578 217 512 387 442 532 645 533 516 598 325 559 557 741
 [990] 611 497 628 616 367 512 493 385 404 424 530
 [ reached getOption("max.print") -- omitted 9000 entries ]
